 Event ID : 2
7.36237 -1.45075 55.36 22 1.6
171.788 2.86764 60.48 24 19.85
-7.62939e-06 -87.813 124.48 49 17.6
-36.8118 -15.5519 142.4 56 16.5
24.5412 -201.367 142.4 56 19.45
-41.72 117.568 152.64 60 17.15
-58.8988 73.7119 157.76 62 18.1
-14.7247 -206.899 157.76 62 18.6
-152.155 -121.886 160.32 63 16.7
-112.889 -206.899 162.88 64 17.7
-26.9953 -134.57 162.88 64 17
-49.0824 82.2132 162.88 64 16.55
-29.4494 -141.858 165.44 65 16.35
-83.44 -28.3038 191.04 75 18.3
117.798 53.8078 191.04 75 19.2
-19.6329 36.8052 208.96 82 96
-17.1788 35.456 208.96 82 3620.9
-14.7247 39.7067 219.2 86 95.9
-14.7247 36.8052 221.76 87 394.6
-17.1788 41.0558 226.88 89 303
-9.53674e-06 79.3117 229.44 90 82.55
-17.1788 32.5545 229.44 90 496.25
-4.90824 79.3117 229.44 90 80.7
-12.2706 35.456 255.04 100 105.6
-19.6329 31.2053 260.16 102 84.15
-12.2706 32.5545 265.28 104 272.6
-14.7247 31.2053 267.84 105 423
-9.81648 31.2053 308.8 121 94.35
-14.7247 28.3038 329.28 129 201.75
-12.2706 26.9547 357.44 140 273.1
-9.81648 28.3038 357.44 140 145.2
-17.1788 24.0532 390.72 153 99.35
-14.7247 -116.218 390.72 153 26.1
-7.36236 -100.565 393.28 154 30
-12.2706 24.0532 400.96 157 168.5
-12.2706 -120.469 416.32 163 27.15
88.3483 -14.2027 421.44 165 30.5
49.0824 -14.2027 424 166 26.7
98.1647 -19.8025 424 166 29.4
-19.6329 -22.704 444.48 174 29.95
-39.2659 -39.7067 447.04 175 28.1
-7.36236 24.0532 447.04 175 112.9
-14.7247 22.704 449.6 176 235.85
-63.8071 -39.7067 452.16 177 29.3
-9.81648 22.704 452.16 177 191.65
-58.8988 -87.813 454.72 178 27.45
76.0776 -15.5519 454.72 178 32.85
161.972 -65.3461 459.84 180 26.25
46.6282 -24.0532 459.84 180 27.55
17.1788 -41.0558 462.4 181 29
-14.7247 -79.3117 462.4 181 27.05
31.9035 -69.4613 462.4 181 29.15
83.44 -28.3038 464.96 182 28
17.1788 -60.9599 464.96 182 31.35
-100.619 -94.9652 467.52 183 29.7
9.81648 -19.8025 475.2 186 30.35
-7.36236 -26.9547 477.76 187 25.85
-9.81648 19.8025 482.88 189 138.1
-71.1694 -109.066 493.12 193 28.3
-103.073 28.3038 516.16 202 31.35
-51.5365 9.95207 516.16 202 29.65
-4.90825 19.8025 518.72 203 120.5
-7.36237 18.4534 523.84 205 144.1
-9.81648 -19.8025 526.4 206 31.1
-12.2706 -1.45075 526.4 206 27.75
-7.36237 15.5519 534.08 209 111.65
7.36234 77.9626 546.88 214 27.6
2.4541 52.4586 546.88 214 22.65
-112.889 -56.7093 549.44 215 30.55
-88.3482 11.3012 554.56 217 31.45
98.1647 19.8025 562.24 220 30.95
49.0824 28.3038 567.36 222 26.15
12.2706 100.565 572.48 224 30.7
-4.90825 14.2027 572.48 224 133.35
-17.1788 86.4639 572.48 224 23.8
-2.45413 52.4586 572.48 224 18.25
51.5365 9.95207 575.04 225 33.45
122.706 45.3065 575.04 225 29.65
93.2565 31.2053 575.04 225 31.4
17.1788 100.565 575.04 225 33.85
-2.45413 35.456 575.04 225 21.5
125.16 24.0532 580.16 227 32.7
-2.45413 15.5519 585.28 229 99.8
-2.45412 100.565 587.84 230 35.4
76.0776 15.5519 590.4 231 31.4
-4.90825 11.3012 592.96 232 96.6
73.6235 22.704 595.52 233 30.65
-137.431 -96.3821 603.2 236 30.4
-171.788 -116.354 605.76 237 30.05
-22.0871 120.469 610.88 239 34.1
-2.45413 9.95207 628.8 246 123.7
-142.339 82.3487 636.48 249 30.85
-1.33514e-05 11.3012 636.48 249 107
-29.4494 181.395 636.48 249 31
-95.7106 94.9652 641.6 251 29.35
-201.238 -150.359 644.16 252 33.1
-24.5412 240.904 646.72 253 32.7
-34.3576 167.362 662.08 259 28.5
-186.513 96.3821 664.64 260 28.95
-211.054 133.357 664.64 260 28.2
-147.247 90.85 674.88 264 30
-95.7106 86.4639 685.12 268 28.15
-127.614 130.387 687.68 269 28.6
-152.155 189.897 687.68 269 28.15
-2.45413 7.05056 710.72 278 83.75
-1.33514e-05 5.70141 731.2 286 137.7
4.90825 5.70141 741.44 290 101.05
2.4541 7.05056 741.44 290 179.6
49.0823 164.393 907.84 355 15.9
4.90825 2.7999 920.64 360 329.55
58.8988 243.874 925.76 362 32.45
44.1741 189.897 941.12 368 34.4
206.146 141.858 948.8 371 35.65
-147.247 28.3716 953.92 373 34.35
137.431 209.868 959.04 375 35.35
98.1647 70.8104 966.72 378 35.05
9.81647 164.393 976.96 382 39.45
53.9906 138.889 976.96 382 34
95.7106 86.4639 987.2 386 33.1
-186.513 28.3716 989.76 387 32.45
-171.788 2.86764 992.32 388 34.4
34.3576 167.362 1000 391 36.7
-245.412 -62.3768 1002.56 392 37.55
147.247 130.387 1002.56 392 31.2
103.073 172.894 1012.8 396 32.05
147.247 11.3012 1033.28 404 29.95
132.522 -116.354 1043.52 408 32.1
196.329 -5.83687 1051.2 411 34.75
250.32 -2.86764 1051.2 411 35.1
186.513 -164.393 1053.76 412 30.85
196.329 -22.8395 1061.44 415 34.75
120.252 -7.05056 1061.44 415 33.85
2.45413 1.45075 1074.24 420 207.65
78.5318 -82.2132 1076.8 421 34.6
171.788 19.8703 1089.6 426 34.8
71.1694 -69.4613 1102.4 431 34.35
110.435 -49.5571 1115.2 436 18.65
4.90822 -39.7067 1207.36 472 21.05
-3.8147e-06 -243.874 1215.04 475 17.65
-56.4447 58.0584 1220.16 477 18.1
147.247 90.85 1230.4 481 17.15
68.7153 -147.39 1232.96 482 18.2
-44.1741 104.816 1232.96 482 17.95
-73.6235 121.818 1238.08 484 18.95
122.706 -189.897 1238.08 484 20.85
53.9906 -133.221 1238.08 484 17.6
-71.1694 32.5545 1238.08 484 19.2
46.6282 -60.9599 1240.64 485 21.6
-53.9906 -133.221 1243.2 486 15.7
-53.9906 45.3065 1245.76 487 16.45
73.6235 -130.32 1245.76 487 19.2
-53.9906 -5.70141 1245.76 487 18.6
68.7153 53.8078 1248.32 488 64.2
-152.155 -138.889 1250.88 489 16.35
-68.7153 -121.818 1253.44 490 20.95
-215.962 22.8395 1253.44 490 18.75
-240.504 70.8781 1253.44 490 20.7
-100.619 -9.95207 1253.44 490 17.7
-171.788 19.8703 1253.44 490 24.35
39.2659 -39.7067 1253.44 490 20.1
-61.3529 83.5624 1256 491 17.55
-78.5318 -5.70141 1258.56 492 17.85
206.146 -62.3768 1258.56 492 67.2
44.1741 36.8052 1261.12 493 17.35
44.1741 -155.891 1261.12 493 19.65
53.9906 73.7119 1261.12 493 19.8
-61.3529 103.467 1261.12 493 17.85
191.421 104.883 1261.12 493 18
-39.2659 53.8078 1263.68 494 18.05
230.687 -121.886 1263.68 494 18.15
-171.788 -184.364 1263.68 494 18.55
58.8988 73.7119 1263.68 494 27.2
46.6282 52.4586 1263.68 494 17.45
-24.5412 -19.8025 1263.68 494 18.9
68.7153 99.2159 1263.68 494 21.35
220.871 70.8781 1263.68 494 15.65
24.5412 -87.813 1266.24 495 17.85
58.8988 -79.3117 1266.24 495 18.8
93.2565 -53.8078 1266.24 495 18.65
137.431 -96.3821 1268.8 496 18.65
-9.81648 -232.403 1268.8 496 19.35
-49.0824 28.3038 1271.36 497 18.7
7.36235 -100.565 1271.36 497 16.05
-78.5318 -31.2053 1271.36 497 18.8
191.421 -99.3513 1271.36 497 19.35
-132.522 -116.354 1271.36 497 16.15
-166.88 11.369 1273.92 498 19.5
-78.5318 215.4 1273.92 498 17.4
-49.0824 158.861 1273.92 498 17.05
-49.0824 164.393 1273.92 498 18.4
-56.4447 -128.97 1273.92 498 17.55
-98.1647 -19.8025 1273.92 498 18.3
29.4494 -141.858 1273.92 498 18.75
49.0824 82.2132 1276.48 499 15.4
-90.8024 41.0558 1276.48 499 21.4
39.2659 96.3143 1276.48 499 18.15
68.7153 -62.3091 1276.48 499 18.7
