	0	8	2	0	65	0	
	1	8	2	0	48	1	
	2	8	2	0	33	2	
	3	8	2	0	18	3	
	4	8	2	0	3	4	
	5	8	2	1	54	5	
	6	8	2	1	37	6	
	7	8	2	1	23	7	
	8	8	2	1	12	8	
	9	8	2	1	9	9	
	10	8	2	1	8	10	
	11	8	2	2	66	11	
	12	8	2	2	49	12	
	13	8	2	2	34	13	
	14	8	2	2	17	14	
	15	8	2	2	2	15	
	16	8	2	3	53	16	
	17	8	2	3	38	17	
	18	8	2	3	21	18	
	19	8	2	3	6	19	
	21	8	3	3	48	21	
	22	8	3	3	4	22	
	24	8	2	3	19	24	
	25	8	2	3	15	25	
	26	8	3	3	16	26	
	27	8	2	3	10	27	
	28	8	3	3	12	28	
	29	8	3	3	7	29	
	30	8	2	3	4	30	
	31	8	3	3	18	31	
	32	8	2	3	2	32	
	34	8	3	3	14	34	
	39	8	3	2	52	39	
	40	8	3	3	47	40	
	41	8	3	3	60	41	
	42	8	3	2	26	42	
	43	8	3	3	64	43	
	44	8	3	2	54	44	
	45	8	3	2	34	45	
	46	8	3	2	6	46	
	47	8	3	2	57	47	
	48	8	3	2	10	48	
	49	8	3	2	15	49	
	50	8	3	2	59	50	
	51	8	3	3	28	51	
	52	8	3	2	40	52	
	53	8	3	3	3	53	
	54	8	3	3	43	54	
	90	2	0	1	42	90	
	281	6	1	3	20	281	
	282	6	1	3	37	282	
	283	6	1	3	52	283	
	288	6	1	2	65	288	
	289	6	1	1	7	289	
	290	6	1	1	9	290	
	291	6	1	1	13	291	
	292	6	1	1	24	292	
	293	6	1	1	38	293	
	300	8	2	0	66	300	
	301	8	2	0	51	301	
	302	8	2	0	34	302	
	303	8	2	0	19	303	
	304	8	2	0	2	304	
	305	8	2	1	55	305	
	306	8	3	1	39	306	
	307	8	3	1	23	307	
	308	8	3	1	14	308	
	309	8	3	1	12	309	
	310	8	3	1	9	310	
	311	8	3	2	65	311	
	312	8	3	2	50	312	
	313	8	3	2	35	313	
	314	8	3	2	18	314	
	315	8	3	2	1	315	
	316	8	3	3	54	316	
	317	8	3	3	37	317	
	319	8	3	3	5	319	
	320	8	3	3	1	320	
	322	8	3	3	36	322	
	323	8	3	2	30	323	
	324	8	3	1	1	324	
	325	8	3	2	44	325	
	326	8	3	2	67	326	
	327	8	3	3	51	327	
	328	8	3	2	49	328	
	329	8	3	3	49	329	
	330	8	3	3	53	330	
	331	8	3	2	20	331	
	332	8	3	3	62	332	
	333	8	3	3	24	333	
	334	8	3	3	21	334	
	335	8	3	3	66	335	
	336	8	3	3	17	336	
	337	8	3	2	2	337	
	338	8	3	2	8	338	
	339	8	3	3	13	339	
	340	8	3	2	13	340	
	341	8	3	3	6	341	
	342	8	3	3	2	342	
	343	2	0	0	63	343	
	345	2	0	0	57	345	
	347	8	3	3	34	347	
	348	2	0	0	50	348	
	349	8	3	3	38	349	
	350	8	3	3	44	350	
	351	2	0	0	46	351	
	575	6	0	3	24	575	
	577	6	0	3	55	577	
	578	6	0	2	2	578	
	579	6	0	2	19	579	
	580	6	0	2	36	580	
	583	6	0	1	9	583	
	584	6	0	1	13	584	
	585	6	0	1	15	585	
	586	6	0	1	24	586	
	587	6	0	1	40	587	
	594	8	3	0	67	594	
	595	8	3	0	52	595	
	596	8	3	0	35	596	
	597	8	3	0	20	597	
	598	8	3	0	3	598	
	599	8	3	1	57	599	
	600	8	3	1	42	600	
	601	8	3	1	28	601	
	602	8	3	1	10	602	
	603	8	3	1	13	603	
	604	8	3	1	8	604	
	606	8	3	2	51	606	
	607	8	3	2	36	607	
	608	8	3	2	19	608	
	609	8	3	2	4	609	
	610	8	3	3	58	610	
	611	8	3	3	40	611	
	612	8	3	3	26	612	
	613	8	3	3	8	613	
	615	8	3	2	48	615	
	616	8	3	2	63	616	
	617	8	2	2	6	617	
	618	8	2	3	64	618	
	619	8	3	2	28	619	
	620	8	3	2	17	620	
	621	8	3	2	24	621	
	622	8	3	2	55	622	
	623	8	3	2	32	623	
	624	8	3	2	58	624	
	625	8	3	2	60	625	
	626	8	3	2	38	626	
	627	8	3	2	62	627	
	628	8	3	2	42	628	
	629	8	3	2	47	629	
	630	8	3	2	64	630	
	631	8	3	2	53	631	
	632	8	3	2	66	632	
	633	2	0	0	59	633	
	634	2	0	0	67	634	
	636	2	0	0	61	636	
	638	2	0	1	63	638	
	641	2	0	1	52	641	
	654	2	0	1	9	654	
	863	6	0	3	25	863	
	865	6	0	3	57	865	
	866	6	0	2	3	866	
	867	6	0	2	18	867	
	868	6	0	2	35	868	
	869	6	0	2	50	869	
	871	6	0	1	7	871	
	872	6	0	1	12	872	
	873	6	0	1	10	873	
	874	6	0	1	27	874	
	875	6	0	1	41	875	
	876	6	0	1	58	876	
	880	6	0	0	53	880	
	882	8	3	0	66	882	
	883	8	3	0	53	883	
	884	8	3	0	38	884	
	885	8	3	0	24	885	
	886	8	3	0	6	886	
	887	8	3	1	60	887	
	888	8	3	1	44	888	
	889	8	3	1	26	889	
	890	8	3	1	15	890	
	891	8	3	0	39	891	
	892	8	3	1	25	892	
	893	8	3	1	29	893	
	894	8	2	0	64	894	
	896	8	3	1	7	896	
	897	8	3	1	5	897	
	898	8	3	1	3	898	
	901	8	2	2	47	901	
	902	8	2	2	40	902	
	903	8	2	2	32	903	
	904	8	2	2	26	904	
	908	8	2	3	60	908	
	909	8	3	1	6	909	
	910	8	3	1	4	910	
	912	8	3	1	2	912	
	918	2	0	1	65	918	
	920	2	0	1	57	920	
	922	2	0	1	53	922	
	925	2	0	1	39	925	
	942	2	0	1	8	942	
	984	2	1	3	2	984	
	1144	6	1	2	46	1144	
	1146	6	1	2	67	1146	
	1147	6	0	1	4	1147	
	1148	6	0	1	6	1148	
	1149	6	0	1	8	1149	
	1151	6	1	0	63	1151	
	1152	6	0	1	30	1152	
	1153	6	0	1	26	1153	
	1154	6	0	0	40	1154	
	1155	6	0	1	14	1155	
	1156	6	0	1	25	1156	
	1163	6	0	0	65	1163	
	1164	8	3	0	58	1164	
	1165	8	3	0	42	1165	
	1166	8	3	0	28	1166	
	1167	8	3	0	15	1167	
	1168	8	3	0	2	1168	
	1169	8	3	1	58	1169	
	1170	8	3	1	47	1170	
	1171	8	3	1	32	1171	
	1172	8	3	0	43	1172	
	1173	8	3	0	33	1173	
	1174	8	3	0	27	1174	
	1175	8	3	1	20	1175	
	1176	8	3	1	31	1176	
	1177	8	3	2	21	1177	
	1178	8	3	1	41	1178	
	1179	8	3	3	55	1179	
	1180	8	2	1	2	1180	
	1181	8	2	2	60	1181	
	1182	8	2	2	51	1182	
	1183	8	2	2	42	1183	
	1184	8	2	2	36	1184	
	1185	8	2	2	28	1185	
	1186	8	2	2	21	1186	
	1188	2	0	0	65	1188	
	1191	2	0	0	28	1191	
	1200	2	0	1	58	1200	
	1202	2	0	1	51	1202	
	1421	6	1	1	1	1421	
	1422	6	0	3	54	1422	
	1424	6	0	2	20	1424	
	1425	6	0	1	32	1425	
	1426	6	0	1	21	1426	
	1429	6	0	0	44	1429	
	1430	6	0	1	31	1430	
	1437	6	0	0	57	1437	
	1440	8	3	0	30	1440	
	1441	8	3	0	17	1441	
	1442	8	3	0	4	1442	
	1443	8	3	1	62	1443	
	1444	8	3	1	49	1444	
	1445	8	3	1	34	1445	
	1446	8	3	1	19	1446	
	1447	8	3	0	50	1447	
	1448	8	3	0	46	1448	
	1449	8	3	0	37	1449	
	1450	8	3	0	29	1450	
	1451	8	3	1	27	1451	
	1452	8	3	1	35	1452	
	1453	8	3	1	37	1453	
	1454	8	2	1	4	1454	
	1455	8	2	2	62	1455	
	1457	8	2	2	44	1457	
	1458	8	2	2	38	1458	
	1459	8	2	2	30	1459	
	1460	8	2	2	24	1460	
	1461	8	2	2	15	1461	
	1462	2	0	0	66	1462	
	1470	2	1	0	10	1470	
	1689	6	1	1	3	1689	
	1690	6	0	1	38	1690	
	1692	6	0	1	28	1692	
	1694	6	0	0	38	1694	
	1695	6	0	0	47	1695	
	1696	6	0	0	51	1696	
	1697	6	0	1	18	1697	
	1698	6	0	1	33	1698	
	1706	8	3	0	62	1706	
	1707	8	3	0	47	1707	
	1708	8	3	0	32	1708	
	1709	8	3	0	19	1709	
	1710	8	3	0	8	1710	
	1711	8	3	1	64	1711	
	1712	8	3	1	51	1712	
	1713	8	3	1	36	1713	
	1714	8	3	1	21	1714	
	1715	8	3	1	16	1715	
	1716	8	3	0	61	1716	
	1717	8	3	0	54	1717	
	1718	8	3	0	41	1718	
	1719	8	3	0	31	1719	
	1720	8	3	1	18	1720	
	1721	8	3	1	33	1721	
	1722	8	2	1	6	1722	
	1723	8	2	2	64	1723	
	1726	9	0	2	64	1726	
	1727	9	0	2	46	1727	
	1728	9	0	2	39	1728	
	1729	9	0	2	35	1729	
	1736	2	1	0	8	1736	
	1737	9	0	2	14	1737	
	1738	9	0	2	16	1738	
	1739	9	0	2	9	1739	
	1740	9	0	2	7	1740	
	1948	5	3	2	64	1948	
	1950	6	1	2	63	1950	
	1951	6	1	1	5	1951	
	1952	6	0	1	34	1952	
	1953	6	0	1	19	1953	
	1954	6	0	0	32	1954	
	1955	6	0	0	42	1955	
	1956	6	0	0	55	1956	
	1957	6	0	0	62	1957	
	1958	6	0	1	17	1958	
	1959	6	0	1	20	1959	
	1960	6	0	1	35	1960	
	1966	6	0	0	46	1966	
	1967	6	0	0	61	1967	
	1968	8	3	0	64	1968	
	1969	8	3	0	49	1969	
	1970	8	3	0	34	1970	
	1971	8	3	0	21	1971	
	1972	8	3	0	10	1972	
	1973	8	3	1	66	1973	
	1974	8	3	1	53	1974	
	1975	8	3	1	38	1975	
	1976	8	3	1	24	1976	
	1977	8	3	1	17	1977	
	1978	8	3	0	63	1978	
	1979	8	3	0	59	1979	
	1980	8	3	0	57	1980	
	1981	8	3	0	48	1981	
	1982	9	0	1	18	1982	
	1983	9	0	0	2	1983	
	1984	9	0	1	55	1984	
	1985	9	0	1	7	1985	
	1986	9	0	1	3	1986	
	1987	9	0	2	65	1987	
	1988	9	0	2	59	1988	
	1989	9	0	2	50	1989	
	1990	9	0	2	41	1990	
	1991	9	0	2	37	1991	
	1995	9	0	3	7	1995	
	1996	9	0	2	38	1996	
	1997	9	0	2	19	1997	
	2204	5	3	2	66	2204	
	2206	5	3	1	8	2206	
	2207	5	3	1	54	2207	
	2208	5	3	0	1	2208	
	2209	5	3	1	19	2209	
	2210	6	0	0	49	2210	
	2211	6	0	0	58	2211	
	2212	6	0	0	60	2212	
	2213	6	0	0	64	2213	
	2214	6	0	1	16	2214	
	2223	6	0	0	63	2223	
	2224	8	3	0	51	2224	
	2225	8	3	0	36	2225	
	2226	8	3	0	26	2226	
	2227	8	3	0	13	2227	
	2229	8	3	1	55	2229	
	2230	8	3	1	40	2230	
	2231	8	3	1	30	2231	
	2232	9	0	1	67	2232	
	2235	9	0	1	35	2235	
	2236	9	0	1	27	2236	
	2237	9	0	1	20	2237	
	2238	9	0	0	10	2238	
	2239	9	0	1	60	2239	
	2240	9	0	1	9	2240	
	2241	9	0	1	5	2241	
	2242	9	0	1	1	2242	
	2243	9	0	2	61	2243	
	2244	9	0	2	52	2244	
	2245	9	0	2	60	2245	
	2246	9	0	2	53	2246	
	2250	9	0	3	6	2250	
	2453	5	3	1	2	2453	
	2454	5	3	1	6	2454	
	2455	5	3	1	9	2455	
	2456	5	3	1	59	2456	
	2457	5	3	0	9	2457	
	2458	5	3	1	21	2458	
	2459	5	3	1	28	2459	
	2461	5	3	1	49	2461	
	2462	5	3	1	60	2462	
	2472	8	3	0	55	2472	
	2473	8	3	0	40	2473	
	2478	9	0	0	20	2478	
	2479	9	0	0	9	2479	
	2480	9	0	0	1	2480	
	2483	9	0	1	37	2483	
	2484	9	0	1	29	2484	
	2485	9	0	1	23	2485	
	2486	9	0	0	24	2486	
	2487	9	0	1	64	2487	
	2488	9	0	1	51	2488	
	2489	9	0	1	6	2489	
	2490	9	0	2	66	2490	
	2491	9	0	2	58	2491	
	2492	9	0	2	27	2492	
	2493	9	0	2	23	2493	
	2494	9	0	2	20	2494	
	2495	9	0	2	18	2495	
	2497	9	0	3	15	2497	
	2498	9	1	3	57	2498	
	2500	9	1	3	49	2500	
	2696	5	3	1	5	2696	
	2697	5	3	1	50	2697	
	2699	5	3	0	23	2699	
	2700	5	3	1	24	2700	
	2701	5	3	1	30	2701	
	2702	5	3	1	38	2702	
	2703	5	3	1	53	2703	
	2704	5	3	1	64	2704	
	2708	5	3	0	31	2708	
	2711	5	3	0	42	2711	
	2713	6	0	0	54	2713	
	2714	9	0	0	57	2714	
	2718	9	0	0	36	2718	
	2721	9	0	0	5	2721	
	2722	9	0	1	65	2722	
	2723	9	0	1	54	2723	
	2724	9	0	1	46	2724	
	2725	9	0	1	33	2725	
	2726	9	0	1	25	2726	
	2727	9	0	0	19	2727	
	2728	9	0	1	47	2728	
	2729	9	0	1	2	2729	
	2730	9	0	2	54	2730	
	2731	9	0	2	55	2731	
	2732	9	0	2	25	2732	
	2734	9	0	3	16	2734	
	2737	9	1	3	5	2737	
	2740	9	1	3	28	2740	
	2741	9	1	3	60	2741	
	2928	5	3	3	32	2928	
	2932	5	3	1	1	2932	
	2933	5	3	1	46	2933	
	2934	5	3	0	18	2934	
	2935	5	3	1	26	2935	
	2936	5	3	1	34	2936	
	2937	5	3	1	47	2937	
	2938	5	3	1	55	2938	
	2947	5	3	0	58	2947	
	2948	9	0	0	54	2948	
	2949	9	0	0	48	2949	
	2950	9	0	0	27	2950	
	2951	9	0	0	40	2951	
	2952	9	0	0	21	2952	
	2953	9	0	0	16	2953	
	2954	9	0	1	36	2954	
	2955	9	0	1	32	2955	
	2956	9	0	1	30	2956	
	2957	9	0	1	28	2957	
	2958	9	0	1	31	2958	
	2959	9	0	0	6	2959	
	2960	9	0	1	8	2960	
	2962	9	0	2	48	2962	
	2963	9	0	2	12	2963	
	2964	9	0	2	3	2964	
	2965	9	0	3	61	2965	
	2966	9	0	3	47	2966	
	2967	9	0	3	32	2967	
	2968	9	0	3	19	2968	
	2969	9	1	3	7	2969	
	2970	9	1	3	1	2970	
	2971	9	1	2	8	2971	
	2973	9	1	2	26	2973	
	2975	4	2	0	54	2975	
	3155	5	3	3	46	3155	
	3160	5	3	2	67	3160	
	3161	5	3	1	7	3161	
	3162	5	3	0	5	3162	
	3163	5	3	1	32	3163	
	3164	5	3	1	27	3164	
	3165	5	3	1	29	3165	
	3166	5	3	1	31	3166	
	3174	9	0	0	67	3174	
	3175	9	0	0	52	3175	
	3176	9	0	0	37	3176	
	3177	9	0	0	25	3177	
	3179	9	0	0	18	3179	
	3180	9	0	0	7	3180	
	3183	9	0	1	34	3183	
	3184	9	0	1	41	3184	
	3185	9	0	0	15	3185	
	3186	9	0	2	67	3186	
	3187	9	0	2	57	3187	
	3190	9	0	2	21	3190	
	3192	9	1	3	59	3192	
	3194	9	1	3	35	3194	
	3195	9	1	3	24	3195	
	3196	9	1	3	8	3196	
	3197	9	1	2	17	3197	
	3198	9	1	2	28	3198	
	3201	4	2	0	57	3201	
	3202	4	2	0	48	3202	
	3234	4	3	2	10	3234	
	3279	0	0	1	8	3279	
	3289	0	1	1	8	3289	
	3297	0	1	1	42	3297	
	3376	5	3	2	5	3376	
	3380	5	3	2	58	3380	
	3382	5	3	0	14	3382	
	3383	5	3	1	42	3383	
	3384	5	3	1	33	3384	
	3385	5	3	1	37	3385	
	3394	9	0	0	63	3394	
	3395	9	0	0	43	3395	
	3396	9	0	0	31	3396	
	3397	9	0	0	34	3397	
	3398	9	0	0	13	3398	
	3399	9	0	1	57	3399	
	3400	9	0	1	44	3400	
	3404	9	0	1	12	3404	
	3405	9	0	1	16	3405	
	3406	9	0	1	4	3406	
	3407	9	0	2	62	3407	
	3410	9	1	2	20	3410	
	3411	9	1	2	6	3411	
	3412	9	1	3	64	3412	
	3413	9	1	3	51	3413	
	3414	9	1	2	24	3414	
	3417	9	1	2	42	3417	
	3422	4	2	0	41	3422	
	3573	2	3	1	8	3573	
	3589	5	2	2	21	3589	
	3590	5	2	2	34	3590	
	3591	5	3	2	48	3591	
	3593	5	3	1	3	3593	
	3594	5	3	1	17	3594	
	3595	5	3	1	13	3595	
	3597	5	3	1	44	3597	
	3606	9	0	0	61	3606	
	3607	9	0	0	39	3607	
	3617	9	1	1	7	3617	
	3618	9	1	1	9	3618	
	3619	9	1	2	60	3619	
	3622	9	1	2	40	3622	
	3623	9	1	2	51	3623	
	3624	9	1	2	53	3624	
	3625	9	1	2	55	3625	
	3626	9	1	2	58	3626	
	3627	9	1	2	62	3627	
	3628	9	1	2	64	3628	
	3629	9	1	2	66	3629	
	3633	4	2	0	43	3633	
	3703	0	0	1	42	3703	
	3794	5	2	2	35	3794	
	3795	5	2	2	48	3795	
	3796	5	2	2	59	3796	
	3797	5	2	1	9	3797	
	3798	5	2	1	8	3798	
	3799	5	3	1	12	3799	
	3809	5	3	0	62	3809	
	3821	9	1	1	8	3821	
	3822	9	1	1	6	3822	
	3823	9	0	0	3	3823	
	3825	9	0	1	17	3825	
	3826	9	0	1	19	3826	
	3827	9	1	1	1	3827	
	3828	9	1	2	67	3828	
	3829	9	1	2	59	3829	
	3830	9	1	1	4	3830	
	3831	9	1	1	2	3831	
	3834	4	2	0	59	3834	
	3835	4	2	1	65	3835	
	3836	4	2	1	54	3836	
	3837	4	2	1	47	3837	
	3933	5	0	3	1	3933	
	3985	5	2	1	3	3985	
	3986	5	2	2	60	3986	
	3988	5	2	1	2	3988	
	3989	5	3	1	18	3989	
	3990	5	3	1	16	3990	
	3991	5	3	1	14	3991	
	3992	5	3	0	4	3992	
	3993	5	2	1	5	3993	
	3994	5	2	1	7	3994	
	3995	5	3	1	10	3995	
	3997	5	2	1	26	3997	
	4017	9	0	0	64	4017	
	4018	9	0	0	60	4018	
	4019	9	0	0	58	4019	
	4020	9	0	0	53	4020	
	4021	9	0	0	47	4021	
	4022	9	0	1	58	4022	
	4023	9	0	1	21	4023	
	4025	9	1	2	65	4025	
	4026	9	1	2	61	4026	
	4027	9	1	2	57	4027	
	4028	4	2	0	51	4028	
	4030	4	2	0	18	4030	
	4032	4	2	0	2	4032	
	4034	4	3	1	51	4034	
	4079	5	2	2	58	4079	
	4080	5	2	2	62	4080	
	4081	5	2	2	66	4081	
	4082	5	2	1	4	4082	
	4083	5	3	1	20	4083	
	4084	5	3	1	57	4084	
	4085	5	3	0	46	4085	
	4086	5	3	0	52	4086	
	4087	5	3	0	57	4087	
	4088	5	3	0	59	4088	
	4089	5	3	0	63	4089	
	4091	5	2	1	40	4091	
	4112	9	1	1	33	4112	
	4113	9	0	0	66	4113	
	4114	9	0	0	62	4114	
	4115	9	1	1	27	4115	
	4116	9	0	0	55	4116	
	4117	9	0	0	49	4117	
	4118	9	0	1	62	4118	
	4119	9	0	1	26	4119	
	4120	9	1	1	5	4120	
	4121	9	1	2	63	4121	
	4122	4	2	0	61	4122	
	4123	4	2	0	50	4123	
	4124	4	2	0	42	4124	
	4129	4	3	0	60	4129	
	4130	9	2	2	18	4130	
	4168	2	2	0	26	4168	
	4169	2	2	0	32	4169	
	4173	5	2	2	64	4173	
	4175	5	3	1	25	4175	
	4176	5	3	1	61	4176	
	4177	5	3	0	48	4177	
	4181	5	3	0	65	4181	
	4182	5	2	1	34	4182	
	4183	5	2	1	42	4183	
	4184	5	2	1	47	4184	
	4185	5	2	1	53	4185	
	4186	5	2	1	60	4186	
	4187	5	2	1	66	4187	
	4188	5	2	0	10	4188	
	4190	5	2	0	27	4190	
	4204	9	1	1	48	4204	
	4205	9	1	1	43	4205	
	4206	9	1	1	35	4206	
	4207	9	1	1	29	4207	
	4211	9	1	1	14	4211	
	4212	9	0	1	66	4212	
	4213	9	0	1	49	4213	
	4214	4	2	1	17	4214	
	4215	4	2	0	66	4215	
	4216	4	3	0	63	4216	
	4219	4	3	0	36	4219	
	4220	4	3	0	62	4220	
	4222	9	2	2	43	4222	
	4256	5	1	2	44	4256	
	4257	5	1	2	47	4257	
	4259	2	2	0	35	4259	
	4262	2	2	0	64	4262	
	4265	5	3	1	48	4265	
	4268	5	2	1	21	4268	
	4269	5	2	1	19	4269	
	4273	5	2	1	44	4273	
	4274	5	2	1	49	4274	
	4275	5	2	1	55	4275	
	4276	5	2	1	62	4276	
	4277	5	2	0	2	4277	
	4278	5	2	0	8	4278	
	4279	5	2	0	17	4279	
	4283	5	2	0	57	4283	
	4285	9	1	0	57	4285	
	4286	9	1	0	53	4286	
	4287	9	1	0	39	4287	
	4295	9	1	1	57	4295	
	4296	9	1	1	50	4296	
	4297	9	1	1	32	4297	
	4298	9	1	1	26	4298	
	4299	9	1	1	21	4299	
	4300	9	1	1	17	4300	
	4301	9	1	1	15	4301	
	4302	9	1	1	13	4302	
	4303	9	1	1	23	4303	
	4304	4	2	0	64	4304	
	4306	4	3	0	67	4306	
	4307	4	3	0	66	4307	
	4308	4	3	0	64	4308	
	4309	9	2	2	59	4309	
	4314	9	2	2	31	4314	
	4315	9	2	2	27	4315	
	4333	5	0	2	20	4333	
	4337	5	0	3	47	4337	
	4338	5	0	3	2	4338	
	4340	5	1	3	2	4340	
	4341	5	1	3	4	4341	
	4343	5	1	2	28	4343	
	4348	5	1	2	58	4348	
	4349	5	1	2	60	4349	
	4350	2	2	0	63	4350	
	4351	2	2	0	65	4351	
	4352	2	2	0	67	4352	
	4353	2	2	0	62	4353	
	4355	5	2	1	24	4355	
	4358	5	2	1	16	4358	
	4359	5	2	1	20	4359	
	4360	5	2	1	25	4360	
	4361	5	2	1	31	4361	
	4362	5	2	1	51	4362	
	4363	5	2	1	58	4363	
	4364	5	2	1	64	4364	
	4365	5	2	0	4	4365	
	4366	5	2	0	6	4366	
	4373	5	2	0	58	4373	
	4378	9	1	0	25	4378	
	4379	9	1	0	18	4379	
	4383	9	1	1	49	4383	
	4384	9	1	1	44	4384	
	4385	9	1	1	40	4385	
	4386	9	1	1	34	4386	
	4387	9	1	1	28	4387	
	4388	9	1	1	24	4388	
	4389	9	1	1	19	4389	
	4390	4	2	0	60	4390	
	4391	9	2	1	9	4391	
	4392	9	2	1	5	4392	
	4393	4	3	0	65	4393	
	4394	9	2	1	3	4394	
	4395	9	2	2	67	4395	
	4396	9	2	2	65	4396	
	4397	9	2	2	63	4397	
	4398	9	2	2	61	4398	
	4401	9	2	2	29	4401	
	4404	9	2	3	27	4404	
	4417	5	0	1	8	4417	
	4418	5	0	1	2	4418	
	4419	5	0	2	33	4419	
	4421	5	0	2	36	4421	
	4423	5	0	3	5	4423	
	4424	5	0	3	10	4424	
	4425	5	0	3	17	4425	
	4426	5	1	3	20	4426	
	4430	5	1	2	26	4430	
	4434	5	1	2	62	4434	
	4435	5	1	2	64	4435	
	4436	5	1	2	66	4436	
	4439	2	2	0	66	4439	
	4440	5	1	1	6	4440	
	4441	5	1	1	9	4441	
	4443	5	2	1	18	4443	
	4444	5	2	1	23	4444	
	4445	5	2	1	27	4445	
	4446	5	2	1	33	4446	
	4447	5	2	1	39	4447	
	4449	5	2	1	48	4449	
	4451	5	2	1	63	4451	
	4452	5	2	0	1	4452	
	4453	5	2	0	19	4453	
	4461	9	1	0	44	4461	
	4467	9	1	1	66	4467	
	4468	9	1	1	60	4468	
	4469	9	1	1	51	4469	
	4470	9	1	1	47	4470	
	4471	9	1	1	42	4471	
	4472	9	1	1	36	4472	
	4473	9	2	1	27	4473	
	4474	9	2	1	23	4474	
	4475	9	2	1	18	4475	
	4476	9	2	1	16	4476	
	4477	9	2	1	34	4477	
	4478	9	2	1	32	4478	
	4479	9	2	1	30	4479	
	4480	9	2	1	28	4480	
	4481	9	2	1	26	4481	
	4482	9	2	1	24	4482	
	4485	9	2	1	13	4485	
	4487	9	2	3	57	4487	
	4498	9	3	2	47	4498	
	4499	9	3	2	58	4499	
	4502	5	0	2	46	4502	
	4503	5	0	2	37	4503	
	4504	5	0	2	27	4504	
	4506	5	0	3	67	4506	
	4508	5	0	3	39	4508	
	4509	5	0	3	42	4509	
	4513	5	1	3	58	4513	
	4514	5	1	2	21	4514	
	4515	5	1	1	12	4515	
	4516	5	1	1	14	4516	
	4517	5	1	1	20	4517	
	4518	5	1	1	23	4518	
	4519	5	1	1	25	4519	
	4520	5	1	1	27	4520	
	4521	5	1	1	29	4521	
	4522	5	1	1	31	4522	
	4523	5	1	1	33	4523	
	4524	5	1	1	17	4524	
	4525	5	1	1	19	4525	
	4526	5	1	1	24	4526	
	4527	5	1	1	28	4527	
	4528	5	2	1	35	4528	
	4529	5	2	1	41	4529	
	4533	5	2	1	65	4533	
	4534	5	2	0	3	4534	
	4535	5	2	0	7	4535	
	4536	5	2	0	16	4536	
	4537	5	2	0	23	4537	
	4539	5	2	0	43	4539	
	4545	9	1	0	34	4545	
	4546	9	1	0	26	4546	
	4548	9	1	0	10	4548	
	4549	9	1	0	6	4549	
	4551	9	1	1	62	4551	
	4552	9	1	1	55	4552	
	4553	9	2	1	41	4553	
	4554	9	2	1	39	4554	
	4555	9	2	1	37	4555	
	4556	9	2	1	35	4556	
	4557	9	2	1	33	4557	
	4558	9	2	1	31	4558	
	4559	9	2	1	29	4559	
	4560	9	2	1	47	4560	
	4561	9	2	1	42	4561	
	4562	9	2	1	40	4562	
	4563	9	2	1	38	4563	
	4564	9	2	1	36	4564	
	4565	9	2	1	17	4565	
	4566	9	2	1	10	4566	
	4572	9	3	3	67	4572	
	4583	5	0	1	6	4583	
	4584	5	0	2	41	4584	
	4586	5	0	2	49	4586	
	4589	5	0	3	63	4589	
	4591	5	0	2	6	4591	
	4592	5	1	2	7	4592	
	4594	5	1	2	17	4594	
	4595	5	1	2	24	4595	
	4596	5	1	1	10	4596	
	4597	5	1	1	16	4597	
	4598	5	1	1	35	4598	
	4599	5	1	1	37	4599	
	4600	5	1	1	39	4600	
	4601	5	1	1	41	4601	
	4602	5	1	1	46	4602	
	4603	5	1	1	30	4603	
	4604	5	1	1	32	4604	
	4605	5	1	1	34	4605	
	4606	5	1	1	36	4606	
	4607	5	1	1	38	4607	
	4608	5	1	1	40	4608	
	4609	5	1	1	42	4609	
	4610	5	2	1	54	4610	
	4612	5	2	1	67	4612	
	4613	5	2	0	5	4613	
	4614	5	2	0	9	4614	
	4615	5	2	0	18	4615	
	4616	5	2	0	25	4616	
	4617	5	2	0	33	4617	
	4618	5	2	0	44	4618	
	4619	5	2	0	53	4619	
	4620	5	2	0	66	4620	
	4621	9	1	0	67	4621	
	4622	9	1	0	54	4622	
	4623	9	1	0	55	4623	
	4627	9	1	0	21	4627	
	4628	9	1	0	13	4628	
	4629	4	2	0	62	4629	
	4630	9	2	1	59	4630	
	4631	9	2	1	54	4631	
	4632	9	2	1	50	4632	
	4633	9	2	1	48	4633	
	4634	9	2	1	46	4634	
	4635	9	2	1	43	4635	
	4639	9	2	1	55	4639	
	4640	9	2	1	53	4640	
	4641	9	2	1	51	4641	
	4642	9	3	0	5	4642	
	4643	9	3	0	1	4643	
	4644	9	3	1	65	4644	
	4646	9	2	2	41	4646	
	4653	9	3	2	59	4653	
	4654	9	3	1	16	4654	
	4660	5	0	1	26	4660	
	4661	5	0	1	24	4661	
	4662	5	0	1	21	4662	
	4663	5	0	1	19	4663	
	4664	5	0	1	17	4664	
	4665	5	0	2	60	4665	
	4666	5	0	2	47	4666	
	4667	5	0	2	23	4667	
	4674	5	0	1	66	4674	
	4675	5	0	0	2	4675	
	4676	5	0	0	6	4676	
	4677	5	1	1	50	4677	
	4678	5	1	1	52	4678	
	4679	5	1	1	54	4679	
	4680	5	1	1	57	4680	
	4681	5	1	1	59	4681	
	4682	5	1	1	61	4682	
	4683	5	1	1	44	4683	
	4684	5	1	1	47	4684	
	4685	5	1	1	49	4685	
	4686	5	1	1	51	4686	
	4687	5	1	1	55	4687	
	4688	5	1	1	60	4688	
	4690	5	2	0	12	4690	
	4691	5	2	0	20	4691	
	4692	5	2	0	29	4692	
	4693	5	2	0	35	4693	
	4694	5	2	0	47	4694	
	4695	5	2	0	54	4695	
	4696	5	2	0	55	4696	
	4699	9	1	0	60	4699	
	4700	9	1	0	51	4700	
	4701	9	1	0	49	4701	
	4702	9	1	0	40	4702	
	4704	9	2	0	3	4704	
	4705	9	2	0	1	4705	
	4706	9	2	1	67	4706	
	4707	9	2	1	65	4707	
	4708	9	2	1	63	4708	
	4709	9	2	1	61	4709	
	4710	9	3	0	20	4710	
	4711	9	3	0	18	4711	
	4712	9	3	0	16	4712	
	4713	9	3	0	14	4713	
	4714	9	3	0	12	4714	
	4715	9	3	0	9	4715	
	4716	9	3	0	7	4716	
	4717	9	2	1	66	4717	
	4718	9	2	1	64	4718	
	4719	9	3	1	63	4719	
	4720	9	2	1	7	4720	
	4721	9	2	1	1	4721	
	4722	9	2	2	66	4722	
	4723	9	3	2	61	4723	
	4724	9	3	2	57	4724	
	4726	9	3	2	49	4726	
	4727	9	3	1	31	4727	
	4728	9	3	1	35	4728	
	4729	9	3	1	41	4729	
	4737	5	0	1	49	4737	
	4738	5	0	1	47	4738	
	4739	5	0	1	42	4739	
	4740	5	0	1	36	4740	
	4741	5	0	1	32	4741	
	4742	5	0	2	48	4742	
	4745	5	0	2	62	4745	
	4746	5	1	2	65	4746	
	4748	5	1	1	8	4748	
	4749	5	0	1	64	4749	
	4750	5	1	1	63	4750	
	4751	5	1	1	65	4751	
	4752	5	0	0	8	4752	
	4753	5	0	0	10	4753	
	4754	5	0	0	13	4754	
	4755	5	0	0	15	4755	
	4756	5	0	0	17	4756	
	4757	5	0	0	19	4757	
	4758	5	0	0	21	4758	
	4759	5	1	1	62	4759	
	4760	5	1	1	64	4760	
	4761	5	1	1	66	4761	
	4763	5	1	0	2	4763	
	4764	5	1	0	4	4764	
	4766	5	2	0	39	4766	
	4767	5	2	0	48	4767	
	4768	5	2	0	50	4768	
	4769	5	2	0	59	4769	
	4770	5	2	0	63	4770	
	4771	9	1	0	62	4771	
	4772	8	3	0	65	4772	
	4773	9	2	0	25	4773	
	4774	9	2	0	23	4774	
	4775	9	2	0	20	4775	
	4776	9	2	0	18	4776	
	4777	9	2	0	16	4777	
	4778	9	2	0	12	4778	
	4779	9	2	0	7	4779	
	4780	9	2	0	5	4780	
	4781	9	2	0	19	4781	
	4782	9	2	0	17	4782	
	4783	9	2	0	15	4783	
	4784	9	2	0	13	4784	
	4785	9	2	0	10	4785	
	4786	9	2	0	4	4786	
	4787	9	2	0	2	4787	
	4789	9	2	1	14	4789	
	4790	9	2	1	12	4790	
	4792	9	2	1	8	4792	
	4793	9	3	1	9	4793	
	4794	9	3	1	8	4794	
	4795	9	3	1	6	4795	
	4796	9	3	1	29	4796	
	4810	5	0	1	38	4810	
	4811	5	0	1	34	4811	
	4812	5	0	1	30	4812	
	4814	5	0	1	7	4814	
	4815	5	0	1	9	4815	
	4816	5	1	1	7	4816	
	4818	5	1	1	13	4818	
	4819	5	1	1	15	4819	
	4820	5	1	1	67	4820	
	4821	5	1	0	1	4821	
	4822	5	1	0	3	4822	
	4823	5	1	0	9	4823	
	4824	5	1	0	12	4824	
	4825	5	1	0	14	4825	
	4826	5	1	0	16	4826	
	4827	5	1	0	18	4827	
	4828	5	1	0	6	4828	
	4829	5	1	0	8	4829	
	4830	5	1	0	13	4830	
	4831	5	1	0	17	4831	
	4832	5	1	0	19	4832	
	4833	5	1	0	21	4833	
	4834	5	1	0	24	4834	
	4836	6	0	0	66	4836	
	4838	9	2	0	46	4838	
	4839	9	2	0	41	4839	
	4840	9	2	0	39	4840	
	4841	9	2	0	37	4841	
	4842	9	2	0	35	4842	
	4843	9	2	0	33	4843	
	4844	9	2	0	31	4844	
	4845	9	2	0	29	4845	
	4846	9	2	0	36	4846	
	4847	9	2	0	32	4847	
	4848	9	2	0	30	4848	
	4849	9	2	0	28	4849	
	4850	9	2	0	26	4850	
	4851	9	2	0	24	4851	
	4852	9	2	0	21	4852	
	4853	9	2	0	6	4853	
	4854	9	2	1	25	4854	
	4855	9	2	1	20	4855	
	4878	5	0	1	12	4878	
	4880	5	0	1	13	4880	
	4881	5	0	1	15	4881	
	4882	5	1	1	18	4882	
	4884	5	1	1	26	4884	
	4885	5	1	0	5	4885	
	4886	5	1	0	20	4886	
	4887	5	1	0	23	4887	
	4888	5	1	0	25	4888	
	4889	5	1	0	27	4889	
	4901	9	2	0	63	4901	
	4902	9	2	0	61	4902	
	4903	9	2	0	59	4903	
	4904	9	2	0	57	4904	
	4905	9	2	0	54	4905	
	4906	9	2	0	52	4906	
	4910	9	2	0	47	4910	
	4911	9	2	0	44	4911	
	4912	9	2	0	42	4912	
	4913	9	2	0	40	4913	
	4914	9	2	1	57	4914	
	4915	9	2	1	52	4915	
	4960	9	3	0	37	4960	
	4961	9	3	0	39	4961	
	4962	9	3	0	41	4962	
	4963	9	3	0	43	4963	
	4964	9	3	0	27	4964	
	4965	9	2	0	62	4965	
	4966	9	2	0	60	4966	
	5007	5	1	0	61	5007	
	5008	5	0	0	28	5008	
	5010	5	0	0	42	5010	
	5013	9	3	0	35	5013	
	5014	9	3	0	31	5014	
	5015	9	3	0	25	5015	
	5057	5	0	0	36	5057	
	5090	5	0	0	62	5090	
	5091	5	1	0	65	5091	
	5092	5	1	0	66	5092	
	5094	5	0	0	34	5094	
	5095	9	3	0	66	5095	
	5096	9	3	0	67	5096	
	5097	9	3	0	65	5097	
	5098	9	3	0	63	5098	
	5099	9	3	0	59	5099	
	5100	9	3	0	54	5100	
	5104	9	3	0	46	5104	
	5112	5	0	0	51	5112	
	5114	5	0	0	55	5114	
	5116	5	0	0	64	5116	
	5117	5	0	0	66	5117	
	5118	5	0	0	67	5118	
	5119	5	0	0	65	5119	
	5120	8	2	0	67	5120	
	5121	8	2	0	61	5121	
	5122	8	2	0	52	5122	
	5123	8	2	0	16	5123	
	5124	8	2	1	67	5124	
	5125	8	2	1	52	5125	
	5126	8	2	1	35	5126	
	5127	8	2	1	60	5127	
	5128	8	2	1	18	5128	
	5129	8	2	1	7	5129	
	5130	8	2	1	5	5130	
	5131	8	2	2	63	5131	
	5132	8	2	2	61	5132	
	5133	8	2	2	43	5133	
	5134	8	2	2	14	5134	
	5135	8	2	3	67	5135	
	5136	8	2	3	50	5136	
	5137	8	2	3	35	5137	
	5138	8	2	3	54	5138	
	5139	8	2	3	3	5139	
	5140	8	2	3	1	5140	
	5141	8	2	3	27	5141	
	5143	8	3	3	61	5143	
	5144	8	2	3	62	5144	
	5145	8	2	3	58	5145	
	5146	8	2	3	37	5146	
	5147	8	2	3	51	5147	
	5148	8	2	3	31	5148	
	5149	8	2	3	23	5149	
	5150	8	2	3	47	5150	
	5151	8	2	3	18	5151	
	5152	8	2	3	42	5152	
	5153	8	2	3	36	5153	
	5154	8	2	3	14	5154	
	5156	8	2	3	9	5156	
	5157	8	2	3	5	5157	
	5158	8	3	2	31	5158	
	5160	8	3	2	33	5160	
	5161	8	3	2	37	5161	
	5162	8	2	2	4	5162	
	5163	8	3	2	39	5163	
	5164	8	2	3	66	5164	
	5165	8	3	3	59	5165	
	5166	8	3	2	41	5166	
	5167	8	3	3	63	5167	
	5168	8	3	2	43	5168	
	5169	8	3	2	46	5169	
	5171	8	3	3	10	5171	
	5401	6	1	3	55	5401	
	5406	6	1	2	44	5406	
	5407	6	1	2	62	5407	
	5408	6	1	2	64	5408	
	5409	6	1	1	6	5409	
	5410	6	1	1	8	5410	
	5411	6	1	1	19	5411	
	5412	6	1	1	59	5412	
	5413	6	1	1	36	5413	
	5420	8	2	0	62	5420	
	5421	8	2	0	59	5421	
	5422	8	2	0	50	5422	
	5423	8	2	0	37	5423	
	5424	8	2	0	38	5424	
	5425	8	2	0	36	5425	
	5426	8	2	0	32	5426	
	5427	8	2	0	30	5427	
	5428	8	2	0	26	5428	
	5429	8	2	0	21	5429	
	5430	8	2	0	15	5430	
	5431	8	2	1	17	5431	
	5432	8	3	1	50	5432	
	5433	8	3	1	43	5433	
	5434	8	2	2	50	5434	
	5435	8	2	2	48	5435	
	5436	8	2	2	39	5436	
	5437	8	2	2	33	5437	
	5438	8	2	2	27	5438	
	5439	8	2	2	20	5439	
	5440	8	2	2	12	5440	
	5441	8	2	2	7	5441	
	5442	8	2	3	48	5442	
	5443	8	2	3	43	5443	
	5444	8	2	3	49	5444	
	5445	8	2	3	63	5445	
	5446	8	2	3	59	5446	
	5447	8	2	3	12	5447	
	5448	8	2	3	52	5448	
	5449	8	2	3	7	5449	
	5450	8	2	3	44	5450	
	5451	8	2	3	46	5451	
	5452	8	2	3	40	5452	
	5453	8	2	3	41	5453	
	5454	8	2	3	17	5454	
	5455	8	2	3	34	5455	
	5456	8	2	3	13	5456	
	5457	4	1	1	47	5457	
	5458	8	2	3	26	5458	
	5459	8	2	3	8	5459	
	5460	4	1	0	52	5460	
	5461	8	3	3	50	5461	
	5462	8	3	3	46	5462	
	5463	4	1	0	39	5463	
	5466	4	1	0	25	5466	
	5468	4	1	0	16	5468	
	5586	3	1	1	36	5586	
	5695	6	1	2	28	5695	
	5697	6	1	2	40	5697	
	5698	6	1	2	49	5698	
	5699	6	1	2	51	5699	
	5700	6	0	1	44	5700	
	5702	6	1	1	16	5702	
	5703	6	1	0	14	5703	
	5704	6	1	0	20	5704	
	5705	6	1	0	25	5705	
	5706	6	1	0	29	5706	
	5707	6	1	0	31	5707	
	5708	6	1	0	35	5708	
	5709	6	1	0	37	5709	
	5715	8	2	0	58	5715	
	5716	8	2	0	46	5716	
	5717	8	2	0	35	5717	
	5718	8	2	0	8	5718	
	5719	8	2	0	4	5719	
	5720	8	2	1	64	5720	
	5721	8	2	0	28	5721	
	5722	8	2	0	24	5722	
	5723	8	2	0	17	5723	
	5724	8	2	0	13	5724	
	5725	8	3	0	23	5725	
	5726	8	2	1	19	5726	
	5727	8	2	1	10	5727	
	5728	8	3	1	46	5728	
	5729	8	2	2	67	5729	
	5730	8	2	2	57	5730	
	5731	8	2	2	46	5731	
	5732	8	2	2	37	5732	
	5733	8	2	2	31	5733	
	5734	8	2	2	25	5734	
	5735	8	2	2	18	5735	
	5736	8	2	2	9	5736	
	5737	8	2	2	5	5737	
	5738	8	2	2	3	5738	
	5739	8	2	3	39	5739	
	5740	8	2	3	25	5740	
	5741	8	2	3	20	5741	
	5742	8	2	3	33	5742	
	5743	8	2	3	16	5743	
	5745	4	1	0	43	5745	
	5747	4	1	0	64	5747	
	5748	4	1	0	48	5748	
	5758	4	1	0	21	5758	
	5760	4	1	0	19	5760	
	5844	1	3	3	64	5844	
	5936	3	0	3	1	5936	
	5984	6	1	2	47	5984	
	5987	6	0	1	47	5987	
	5988	6	1	1	10	5988	
	5989	6	1	1	18	5989	
	5990	6	0	0	24	5990	
	5991	6	1	0	12	5991	
	5992	6	1	0	16	5992	
	5993	6	1	0	23	5993	
	5994	6	1	0	27	5994	
	5995	6	1	1	63	5995	
	5996	6	1	0	3	5996	
	5997	6	1	0	7	5997	
	5998	6	1	0	36	5998	
	5999	6	1	0	47	5999	
	6000	6	1	0	57	6000	
	6001	6	1	0	64	6001	
	6005	8	2	0	31	6005	
	6006	8	2	0	14	6006	
	6007	8	2	0	1	6007	
	6008	8	2	1	62	6008	
	6009	8	2	1	43	6009	
	6010	8	2	1	49	6010	
	6011	8	2	1	29	6011	
	6012	8	2	0	10	6012	
	6014	8	2	1	26	6014	
	6015	8	2	1	21	6015	
	6016	8	2	1	13	6016	
	6017	8	3	1	48	6017	
	6018	8	2	1	3	6018	
	6019	8	2	2	65	6019	
	6020	8	2	2	54	6020	
	6021	8	2	2	41	6021	
	6022	8	2	2	35	6022	
	6023	8	2	2	29	6023	
	6024	8	2	2	23	6024	
	6025	8	2	2	16	6025	
	6026	8	2	2	1	6026	
	6027	8	2	3	65	6027	
	6031	4	1	2	66	6031	
	6032	4	1	0	26	6032	
	6035	4	1	0	17	6035	
	6036	4	1	2	42	6036	
	6037	4	1	2	38	6037	
	6041	4	1	2	27	6041	
	6264	6	1	2	42	6264	
	6266	6	1	2	66	6266	
	6267	6	1	1	4	6267	
	6268	6	0	1	49	6268	
	6269	6	1	1	12	6269	
	6270	6	1	1	20	6270	
	6271	6	1	1	25	6271	
	6273	6	1	0	9	6273	
	6274	6	1	1	30	6274	
	6275	6	1	1	48	6275	
	6276	6	1	1	44	6276	
	6277	6	1	1	61	6277	
	6278	6	1	0	2	6278	
	6279	6	1	0	15	6279	
	6280	6	1	0	32	6280	
	6282	6	1	0	58	6282	
	6283	6	1	0	59	6283	
	6284	8	2	0	54	6284	
	6286	8	2	0	29	6286	
	6287	8	2	0	12	6287	
	6288	8	2	1	65	6288	
	6289	8	2	1	59	6289	
	6291	8	2	1	47	6291	
	6292	8	2	1	27	6292	
	6293	8	2	1	40	6293	
	6294	8	3	0	18	6294	
	6295	8	2	1	28	6295	
	6296	8	3	0	7	6296	
	6297	8	2	1	24	6297	
	6298	8	2	1	15	6298	
	6299	8	2	3	61	6299	
	6300	8	2	3	57	6300	
	6301	8	2	1	1	6301	
	6302	8	2	2	59	6302	
	6303	8	2	2	52	6303	
	6304	4	1	1	58	6304	
	6305	4	1	1	42	6305	
	6308	4	1	1	10	6308	
	6309	4	1	1	8	6309	
	6311	4	1	2	61	6311	
	6312	4	1	2	54	6312	
	6313	4	1	2	59	6313	
	6314	4	1	2	46	6314	
	6315	4	1	2	50	6315	
	6319	4	1	2	33	6319	
	6469	3	1	1	34	6469	
	6471	3	1	1	32	6471	
	6479	3	1	1	24	6479	
	6537	3	0	1	57	6537	
	6540	6	1	1	2	6540	
	6541	6	1	3	58	6541	
	6542	6	1	3	62	6542	
	6543	6	1	1	14	6543	
	6544	6	1	1	23	6544	
	6545	6	0	0	8	6545	
	6546	6	1	1	27	6546	
	6547	6	0	0	19	6547	
	6548	6	1	1	39	6548	
	6549	6	1	1	28	6549	
	6550	6	1	1	46	6550	
	6551	6	1	1	42	6551	
	6552	6	1	1	60	6552	
	6553	6	1	1	66	6553	
	6554	6	1	0	13	6554	
	6565	8	2	1	44	6565	
	6567	8	2	1	38	6567	
	6568	8	3	0	16	6568	
	6569	8	3	0	14	6569	
	6570	8	3	0	5	6570	
	6571	8	3	1	65	6571	
	6572	8	3	1	59	6572	
	6573	4	1	0	66	6573	
	6577	4	1	0	13	6577	
	6578	4	1	1	65	6578	
	6582	4	1	1	12	6582	
	6583	4	0	1	6	6583	
	6584	4	0	1	8	6584	
	6810	3	0	0	65	6810	
	6811	6	0	1	60	6811	
	6812	6	0	1	66	6812	
	6813	6	0	0	6	6813	
	6814	6	0	0	15	6814	
	6815	6	0	0	17	6815	
	6816	6	1	1	37	6816	
	6817	6	1	1	26	6817	
	6818	6	1	1	43	6818	
	6819	6	1	1	40	6819	
	6820	6	1	1	58	6820	
	6821	6	1	1	64	6821	
	6829	8	2	0	7	6829	
	6835	8	2	1	36	6835	
	6837	8	3	0	12	6837	
	6838	8	3	0	1	6838	
	6839	8	3	1	63	6839	
	6840	8	3	1	52	6840	
	6841	8	3	1	54	6841	
	6842	4	1	0	65	6842	
	6843	4	1	0	50	6843	
	6844	4	1	0	37	6844	
	6845	4	0	0	21	6845	
	6851	4	0	1	12	6851	
	6852	4	0	1	9	6852	
	6853	4	0	1	5	6853	
	6855	4	0	2	48	6855	
	7053	6	2	2	12	7053	
	7069	3	0	0	38	7069	
	7070	3	0	0	51	7070	
	7074	6	0	1	64	7074	
	7075	6	0	0	2	7075	
	7076	6	0	0	13	7076	
	7077	6	1	1	31	7077	
	7078	6	1	1	35	7078	
	7079	6	1	1	21	7079	
	7080	6	1	1	41	7080	
	7081	6	1	1	57	7081	
	7082	6	1	1	51	7082	
	7083	6	1	1	62	7083	
	7096	8	2	1	16	7096	
	7097	8	2	1	34	7097	
	7099	8	3	0	9	7099	
	7100	8	3	1	67	7100	
	7101	8	3	1	61	7101	
	7102	8	1	1	14	7102	
	7104	4	0	0	19	7104	
	7113	4	0	0	37	7113	
	7114	4	0	0	39	7114	
	7115	4	0	0	41	7115	
	7330	6	0	1	62	7330	
	7332	6	0	0	10	7332	
	7333	6	1	1	29	7333	
	7334	6	1	1	33	7334	
	7335	6	1	1	17	7335	
	7336	6	1	1	34	7336	
	7337	6	1	1	52	7337	
	7338	6	1	1	49	7338	
	7339	6	1	1	67	7339	
	7340	6	1	0	6	7340	
	7353	8	1	0	19	7353	
	7354	8	1	1	64	7354	
	7355	8	1	1	25	7355	
	7356	8	1	1	16	7356	
	7357	8	1	1	12	7357	
	7362	4	0	0	50	7362	
	7576	3	1	0	31	7576	
	7579	6	2	1	17	7579	
	7580	6	2	1	26	7580	
	7581	6	2	1	63	7581	
	7582	6	2	0	18	7582	
	7583	6	2	0	43	7583	
	7584	6	1	1	15	7584	
	7585	6	1	1	32	7585	
	7586	6	1	1	50	7586	
	7587	6	1	1	47	7587	
	7588	6	1	1	65	7588	
	7589	6	1	0	5	7589	
	7601	8	1	0	21	7601	
	7602	8	1	1	66	7602	
	7603	8	1	1	27	7603	
	7604	8	1	1	18	7604	
	7605	8	1	1	9	7605	
	7606	8	1	1	3	7606	
	7607	8	1	2	63	7607	
	7608	8	1	2	54	7608	
	7610	4	0	0	34	7610	
	7611	4	0	0	36	7611	
	7612	4	0	0	38	7612	
	7613	4	0	0	40	7613	
	7614	4	0	0	42	7614	
	7615	4	0	0	47	7615	
	7815	3	1	0	33	7815	
	7818	6	2	2	64	7818	
	7819	6	2	1	4	7819	
	7821	6	2	1	19	7821	
	7822	6	2	1	28	7822	
	7823	6	2	1	65	7823	
	7824	6	2	0	20	7824	
	7825	6	2	0	46	7825	
	7826	6	2	1	36	7826	
	7827	6	2	1	58	7827	
	7828	6	2	0	4	7828	
	7829	6	2	0	26	7829	
	7830	6	2	0	36	7830	
	7844	8	1	1	29	7844	
	7845	8	1	1	20	7845	
	7846	8	1	1	7	7846	
	7847	8	1	1	1	7847	
	7848	8	1	2	61	7848	
	7849	8	1	2	50	7849	
	7850	8	1	2	39	7850	
	7851	8	1	1	6	7851	
	7852	8	1	2	66	7852	
	7853	8	1	2	64	7853	
	7854	8	1	2	62	7854	
	7855	8	1	2	42	7855	
	7856	8	1	2	40	7856	
	7857	8	1	2	38	7857	
	8045	6	2	2	39	8045	
	8046	6	2	2	41	8046	
	8049	6	2	2	65	8049	
	8051	6	2	2	40	8051	
	8053	6	2	2	62	8053	
	8054	6	2	1	2	8054	
	8055	6	2	1	8	8055	
	8056	6	2	1	21	8056	
	8057	6	2	1	30	8057	
	8058	6	2	0	1	8058	
	8059	6	2	0	25	8059	
	8060	6	2	0	48	8060	
	8061	6	2	1	38	8061	
	8062	6	2	1	60	8062	
	8063	6	2	0	8	8063	
	8064	6	2	0	28	8064	
	8065	6	2	0	38	8065	
	8066	6	2	0	55	8066	
	8081	8	1	2	59	8081	
	8084	8	1	1	4	8084	
	8085	8	1	2	60	8085	
	8086	8	1	2	58	8086	
	8087	8	1	2	55	8087	
	8271	6	2	3	1	8271	
	8272	6	2	3	3	8272	
	8273	6	2	3	5	8273	
	8278	6	2	2	38	8278	
	8279	6	2	2	49	8279	
	8280	6	2	2	60	8280	
	8283	6	2	1	24	8283	
	8284	6	2	1	34	8284	
	8285	6	2	0	3	8285	
	8286	6	2	0	27	8286	
	8287	6	2	0	50	8287	
	8288	6	2	1	40	8288	
	8289	6	2	1	62	8289	
	8290	6	2	0	10	8290	
	8291	6	2	0	30	8291	
	8292	6	2	0	40	8292	
	8293	6	2	0	62	8293	
	8310	8	1	1	2	8310	
	8311	8	1	2	53	8311	
	8312	8	1	2	51	8312	
	8457	1	1	1	42	8457	
	8490	6	2	3	2	8490	
	8491	6	2	3	7	8491	
	8495	6	2	2	50	8495	
	8496	6	2	2	52	8496	
	8498	6	2	2	36	8498	
	8499	6	2	2	47	8499	
	8500	6	2	1	18	8500	
	8501	6	2	1	20	8501	
	8502	6	2	1	31	8502	
	8503	6	2	1	41	8503	
	8504	6	2	1	52	8504	
	8505	6	2	0	5	8505	
	8506	6	2	0	29	8506	
	8507	6	2	0	52	8507	
	8508	6	2	1	42	8508	
	8509	6	2	1	64	8509	
	8510	6	2	0	13	8510	
	8511	6	2	0	32	8511	
	8512	6	2	0	42	8512	
	8513	6	2	0	67	8513	
	8704	6	2	3	26	8704	
	8706	6	2	3	51	8706	
	8708	6	2	2	5	8708	
	8710	6	2	2	67	8710	
	8711	6	2	2	34	8711	
	8712	6	2	2	44	8712	
	8713	6	2	1	16	8713	
	8714	6	2	1	23	8714	
	8715	6	2	1	33	8715	
	8716	6	2	1	43	8716	
	8717	6	2	1	54	8717	
	8718	6	2	0	7	8718	
	8719	6	2	0	31	8719	
	8720	6	2	0	57	8720	
	8721	6	2	1	47	8721	
	8722	6	2	1	66	8722	
	8723	6	2	0	15	8723	
	8725	6	2	0	51	8725	
	8726	8	1	0	46	8726	
	8727	8	1	0	23	8727	
	8905	6	3	3	42	8905	
	8906	6	3	3	40	8906	
	8911	6	3	3	67	8911	
	8912	6	2	2	10	8912	
	8914	6	2	2	35	8914	
	8916	6	2	2	32	8916	
	8917	6	2	2	42	8917	
	8918	6	2	1	12	8918	
	8919	6	2	1	25	8919	
	8920	6	2	1	35	8920	
	8922	6	2	1	57	8922	
	8924	6	2	0	33	8924	
	8925	6	2	0	59	8925	
	8926	6	2	1	49	8926	
	8928	6	2	0	24	8928	
	9101	6	3	2	28	9101	
	9102	6	3	2	26	9102	
	9103	6	3	2	24	9103	
	9104	6	3	2	21	9104	
	9105	6	3	2	19	9105	
	9107	6	3	2	4	9107	
	9108	6	3	2	17	9108	
	9112	6	2	2	66	9112	
	9113	6	2	1	7	9113	
	9114	6	2	2	58	9114	
	9116	6	2	1	29	9116	
	9117	6	2	1	37	9117	
	9119	6	2	1	59	9119	
	9120	6	2	0	14	9120	
	9121	6	2	0	35	9121	
	9122	6	2	0	61	9122	
	9123	6	2	1	51	9123	
	9125	6	2	0	44	9125	
	9195	6	3	1	27	9195	
	9196	6	3	1	25	9196	
	9197	6	3	1	23	9197	
	9198	6	3	1	20	9198	
	9199	6	3	1	16	9199	
	9200	6	3	1	14	9200	
	9201	6	3	1	12	9201	
	9202	6	3	1	5	9202	
	9204	6	3	2	67	9204	
	9207	6	3	1	1	9207	
	9209	6	3	2	65	9209	
	9210	6	3	0	9	9210	
	9211	6	2	1	14	9211	
	9212	6	2	1	27	9212	
	9213	6	2	1	39	9213	
	9215	6	2	1	61	9215	
	9216	6	2	0	16	9216	
	9217	6	2	0	37	9217	
	9218	6	2	0	63	9218	
	9222	8	1	0	66	9222	
	9223	8	1	0	40	9223	
	9224	8	1	0	24	9224	
	9225	8	1	0	13	9225	
	9291	6	3	1	57	9291	
	9292	6	3	1	54	9292	
	9296	6	3	1	43	9296	
	9297	6	3	1	41	9297	
	9298	6	3	1	39	9298	
	9299	6	3	1	37	9299	
	9300	6	3	1	35	9300	
	9301	6	3	1	33	9301	
	9302	6	3	1	31	9302	
	9303	6	3	1	10	9303	
	9304	6	3	1	18	9304	
	9305	6	2	1	32	9305	
	9306	6	2	1	44	9306	
	9307	3	1	2	29	9307	
	9308	6	2	1	67	9308	
	9309	6	2	0	12	9309	
	9310	6	2	0	23	9310	
	9311	6	2	0	39	9311	
	9314	8	1	0	18	9314	
	9315	8	1	0	55	9315	
	9316	8	1	0	42	9316	
	9378	7	0	2	53	9378	
	9379	7	0	1	33	9379	
	9382	3	1	2	16	9382	
	9385	6	3	1	34	9385	
	9386	6	3	1	32	9386	
	9387	6	3	1	30	9387	
	9388	6	3	1	28	9388	
	9389	6	3	1	24	9389	
	9390	6	3	1	21	9390	
	9391	6	3	1	19	9391	
	9392	6	3	1	17	9392	
	9393	6	3	1	13	9393	
	9394	6	3	1	15	9394	
	9395	6	3	1	26	9395	
	9396	6	3	1	36	9396	
	9398	6	3	1	61	9398	
	9399	6	2	0	6	9399	
	9400	6	2	0	17	9400	
	9405	8	1	0	57	9405	
	9467	7	0	2	42	9467	
	9469	7	0	1	31	9469	
	9470	7	0	1	48	9470	
	9471	7	0	1	61	9471	
	9472	7	0	0	9	9472	
	9473	7	0	1	60	9473	
	9474	6	3	1	42	9474	
	9475	6	3	1	44	9475	
	9477	6	3	1	49	9477	
	9478	6	3	1	51	9478	
	9479	6	3	1	53	9479	
	9480	6	3	1	55	9480	
	9481	6	3	1	58	9481	
	9482	6	3	1	60	9482	
	9483	6	3	1	62	9483	
	9484	6	3	1	64	9484	
	9485	6	3	1	66	9485	
	9486	6	3	0	2	9486	
	9488	6	3	0	10	9488	
	9555	7	0	2	51	9555	
	9556	7	0	1	29	9556	
	9557	7	0	1	46	9557	
	9558	7	0	1	59	9558	
	9559	7	0	0	7	9559	
	9560	7	0	1	58	9560	
	9561	7	0	0	4	9561	
	9566	6	3	0	15	9566	
	9567	6	3	0	17	9567	
	9572	6	3	0	28	9572	
	9573	6	3	0	30	9573	
	9640	7	0	1	27	9640	
	9641	7	0	1	43	9641	
	9642	7	0	1	57	9642	
	9643	7	0	0	5	9643	
	9644	7	0	1	55	9644	
	9645	7	0	0	2	9645	
	9649	6	3	0	25	9649	
	9650	6	3	0	20	9650	
	9652	6	3	0	16	9652	
	9653	6	3	0	14	9653	
	9654	6	3	0	12	9654	
	9655	6	3	1	67	9655	
	9721	7	0	1	25	9721	
	9722	7	0	1	41	9722	
	9723	7	0	1	40	9723	
	9724	7	0	0	3	9724	
	9725	7	0	1	53	9725	
	9727	7	0	0	15	9727	
	9728	7	0	0	18	9728	
	9729	7	0	0	25	9729	
	9731	6	3	0	38	9731	
	9732	6	3	0	42	9732	
	9733	6	3	0	44	9733	
	9734	6	3	0	47	9734	
	9736	6	3	0	51	9736	
	9798	7	0	1	10	9798	
	9799	7	0	1	20	9799	
	9800	7	0	1	39	9800	
	9807	7	0	0	23	9807	
	9808	7	0	0	30	9808	
	9809	6	3	0	33	9809	
	9810	6	3	0	37	9810	
	9811	6	3	0	39	9811	
	9818	8	0	0	58	9818	
	9880	7	0	0	10	9880	
	9881	7	0	0	21	9881	
	9882	7	0	0	24	9882	
	9883	7	0	0	28	9883	
	9884	7	0	0	29	9884	
	9885	6	3	0	60	9885	
	9899	7	3	1	61	9899	
	9948	7	0	1	42	9948	
	9949	7	0	1	62	9949	
	9950	7	0	0	8	9950	
	9951	7	0	0	19	9951	
	9952	7	0	0	20	9952	
	9954	7	0	0	27	9954	
	9959	7	3	0	39	9959	
	9963	7	3	0	33	9963	
	10009	7	0	1	54	10009	
	10010	7	0	0	16	10010	
	10011	7	0	1	32	10011	
	10012	7	0	0	35	10012	
	10013	7	0	0	37	10013	
	10014	7	0	0	32	10014	
	10015	7	0	0	34	10015	
	10016	7	0	0	36	10016	
	10023	7	3	0	53	10023	
	10024	7	3	0	51	10024	
	10025	7	3	0	49	10025	
	10067	7	1	1	59	10067	
	10068	7	1	1	61	10068	
	10069	7	0	0	6	10069	
	10070	7	0	0	12	10070	
	10071	7	0	0	44	10071	
	10072	7	0	0	47	10072	
	10073	7	0	0	49	10073	
	10080	7	3	0	66	10080	
	10084	7	3	0	47	10084	
	10102	7	2	0	21	10102	
	10120	7	1	0	29	10120	
	10122	7	1	0	33	10122	
	10123	7	1	0	21	10123	
	10124	7	1	0	27	10124	
	10125	7	1	0	35	10125	
	10127	7	0	0	43	10127	
	10133	7	3	0	67	10133	
	10134	7	3	0	65	10134	
	10135	7	3	0	63	10135	
	10150	7	2	0	9	10150	
	10162	7	1	0	15	10162	
	10164	7	1	0	19	10164	
	10178	7	2	0	67	10178	
	10191	7	2	0	35	10191	
	10192	7	2	0	44	10192	
	10195	7	2	0	31	10195	
	10206	7	1	0	42	10206	
	10222	7	2	0	59	10222	
	10223	7	2	0	57	10223	
	10224	7	2	0	66	10224	
	10226	7	2	0	54	10226	
	10227	7	2	0	62	10227	
	10237	7	0	0	58	10237	
